5 213.644401442
3 76.4332548116
2 80.1307933855
8 22.7450030047
5 55.33308833
6 34.2278454096
6 126.605115153
3 58.8513273923
5 321.758794191
2 61.989151957
6 91.7984993711
7 58.2345193867
6 76.2600285558
2 70.6553105958
2 55.2599276604
2 76.1314632324
3 75.6681776886
5 62.4681339656
5 39.8702300031
6 86.4269533365
2 54.9286719638
2 71.1566836494
5 96.554756405
2 24.6186088222
4 284.952845331
2 77.5241901166
5 83.610548115
2 70.4415723211
2 53.9500202786
5 72.0917735314
4 411.33480593
9 177.880029319
3 107.283534295
6 37.2962717675
6 67.5766479171
5 92.3951976879
2 54.6617833768
2 53.0393108729
4 96.6091075556
5 148.921900454
7 248.75989429
4 130.776911887
3 60.6233977592
6 69.9208295449
2 48.3810500786
2 76.2052664165
2 66.677761231
7 90.3601827927
2 56.9442703258
6 87.3481042556
6 222.044516865
6 495.822446167
6 258.11863501
6 119.899771476
2 58.36320222
6 52.6119454708
6 112.405991318
3 74.7476645906
8 41.2010774193
4 66.7956748989
8 70.665589636
2 48.2724512004
6 180.86262575
3 72.8987070775
5 52.2470937731
2 74.8359588847
6 116.829302478
4 88.772272424
5 44.3354277723
9 146.174956325
2 72.1240644884
2 62.4426080498
10 66.1474445088
7 479.415775568
6 82.3511954501
2 72.899797026
7 97.2690662227
2 52.9120219199
7 74.4053422826
10 124.025409505
7 527.134953233
6 86.0893071786
5 88.5303251578
7 93.8342077333
4 117.639699242
2 73.7074556789
5 170.623347938
2 74.3089851562
6 88.6365788092
6 704.991454324
6 66.9941833327
2 149.992411464
7 199.310979463
5 20.0389026719
3 204.969026341
2 75.2645087443
3 106.211290484
2 73.6872063058
2 71.5413445182
7 104.928663719
