5 14.2873753357
3 17.925920459
6 78.3767153156
5 20.7864954724
8 14.4319672155
4 18.9687480749
6 58.6282869873
8 9.53070974548
6 5.29123770287
6 12.4185387998
6 11.4529128066
7 13.0226401084
7 9.93529438816
5 18.4295104891
6 202.476869154
3 12.9568668027
6 17.9812022662
7 11.6666378087
5 21.2864061838
7 26.3776341679
5 14.3130287679
4 17.6565648653
6 15.1415592515
6 14.2555363689
7 60.3322505675
10 10.1290909463
5 12.6044243274
8 11.3303229812
5 28.9518829521
7 16.7582519995
5 18.194469671
5 94.3497082943
5 27.8363125407
6 13.4202683417
6 9.4470538881
5 15.9730517526
4 16.4653803416
6 20.5040830081
5 7.91065157233
5 12.4496844962
5 24.9998205794
6 19.4925168453
6 33.7288815533
6 15.7128508697
4 39.9288220615
4 13.8764597177
5 10.6673863047
6 19.525475077
6 16.0021596368
3 118.679300115
4 41.4288479166
7 8.9538713082
4 16.4927484435
5 19.5905721841
5 11.5113943926
4 10.3148412962
8 16.9870516607
5 36.7476608938
5 42.47300924
6 12.3569282731
5 16.2919473048
5 23.2527537094
6 5.60661954214
5 4.02621774702
6 12.4009041298
6 9.64584598199
7 17.0669554614
7 25.3331014633
8 16.015162664
6 17.2715636658
6 8.24140962424
5 28.9634324313
8 35.6944283817
6 16.8981585069
5 10.6381862094
5 38.2505698177
5 13.6682961721
7 16.2369527017
5 18.6930972484
6 17.8366763375
5 22.6903873238
5 10.7872881861
6 9.14730800829
5 12.3992652196
6 24.8254214209
5 22.4932277271
5 12.2516856918
6 10.1915421186
7 15.4280024385
6 15.4173951267
7 18.6620080588
9 14.252797175
6 10.8978759393
4 58.1410579819
5 21.9858938467
6 18.6983792397
6 15.2077559834
4 8.46252729755
6 38.76859338
7 10.7937256611
