3 5.978412082
3 3.64795729095
3 8.25238951206
4 7.17179929982
3 11.5140080934
4 7.55949229466
3 9.70679304416
3 8.98520224625
6 3.56092861887
3 4.01090347117
3 5.58295257344
3 9.95305145884
2 7.80862886909
3 6.28571722414
3 7.52281905583
5 6.71748384693
5 6.24746647943
2 10.0139238738
3 9.64451182664
4 9.6445125767
2 4.65279047341
4 7.927324863
4 9.21137655453
2 8.17629065763
3 7.70355393787
3 7.36294716858
3 6.49686056413
4 8.815878323
4 7.76165210365
3 6.6041225354
5 5.3024582785
5 10.3348373353
3 6.45304316672
5 5.72612681121
3 4.76724865827
3 12.5184719002
2 6.71920330513
3 8.43243939063
3 5.31555049651
2 6.72541579571
4 6.97706853822
4 6.35635135074
4 8.93039688776
4 10.8488499201
3 6.70635607609
5 7.48911116349
3 5.862418329
3 8.741798164
2 6.66076117251
4 8.89550235879
3 13.5402859086
3 8.87141542033
3 5.767134547
3 8.02596382496
3 8.61604693922
5 6.68573029269
7 7.91936111371
3 7.17081983083
3 7.12473869409
3 4.78418637477
3 7.54834281127
5 11.9900499278
3 5.13294796092
3 2.50849406231
4 5.00067847293
4 9.01085009011
5 9.15544540338
4 10.6401075324
3 5.74687005925
5 10.5493608866
4 6.07288799099
3 6.42180667103
3 5.40397334122
3 6.59488519481
2 6.89084172189
5 6.23107425329
2 9.1108683163
3 7.90295252518
2 8.56437152666
4 9.00474107186
4 7.06513178858
3 5.21808885066
3 5.74785914175
3 5.05737050374
3 4.65643520927
5 7.42515421601
2 6.00139410885
3 8.62363753049
3 4.34613505292
3 8.86583120565
3 9.02407279651
3 5.83604425612
3 4.34062441505
2 7.19200956506
3 7.25148707009
3 4.62334695624
3 4.70051604526
3 7.82792924929
4 9.88094010554
2 9.34589469324
