2 47.253522179
2 71.9911505607
4 63.3065341001
2 29.0205576942
4 60.7326334556
4 61.3279355835
4 62.9051504205
4 62.6146446621
2 46.115994192
2 73.604143928
2 64.1880084736
3 100.943631031
2 74.5803666843
2 64.0202937377
2 54.7890206878
3 80.1126499463
7 48.8493331582
4 73.3392582567
2 64.3935878796
4 105.311818879
2 54.3897358
3 65.6081673917
2 70.3540372358
2 29.5662999132
2 61.0759046526
2 65.2139221764
4 117.027999601
2 74.7629964128
2 51.389864961
4 68.9651383752
2 80.0663721803
2 68.3132839383
9 47.3156591869
3 38.0815103018
4 237.303105889
2 53.4042475155
2 57.3809759785
2 58.2509350661
2 65.9790246271
3 71.3848512194
7 182.567877583
3 74.3181997293
4 66.8779323886
3 68.1084031364
2 45.9811171537
2 64.2595017238
2 67.1557216316
2 43.2221315952
2 55.3030656095
4 64.6386509915
2 73.2514553048
2 77.4251336307
6 166.941380511
4 67.3293539479
2 53.5549441511
4 47.776476666
4 71.1780877304
3 84.7288495608
4 53.4817802968
2 76.6787625542
5 72.9637705566
2 47.0055422204
2 50.6973401681
3 70.1104040365
6 60.7683488501
2 66.0207476856
2 83.0571191886
4 76.9119623465
5 36.0018125539
3 97.9285533073
2 71.5966334296
2 252.271098827
4 82.4024192686
2 68.7928174371
2 72.269682888
2 71.8512567195
2 55.8208315758
2 47.0644915887
4 65.3621517415
4 65.8657088252
2 52.0565288599
4 66.6498027681
3 70.2598871771
3 45.169855406
4 65.8080738569
7 83.6332056395
2 43.5709507375
4 76.5072729557
5 73.9749924714
2 42.4404050643
6 76.7464776734
2 71.0987389823
2 75.3370768143
3 56.9601884847
2 61.5011854324
2 74.2742489597
2 67.3370248752
3 83.1410843415
2 76.4018426735
2 73.547456648
