2 186.237734078
2 117.878689112
2 54.1659138927
2 56.3521790306
2 343.74232377
2 72.0405454279
2 62.1223830735
3 16.5620682096
2 304.242034674
2 176.884864124
2 26.4988013258
2 67.9321016228
2 77.2894330172
2 60.5823654098
2 78.7197695979
2 89.5195820343
2 63.1509247971
3 68.3100782516
2 350.684276224
2 134.77055444
2 102.626070389
2 101.864730784
2 52.4938116368
2 97.1959393268
2 76.7446948372
3 85.4660194431
2 80.4488922749
2 50.0318826162
2 74.690837176
2 102.538450915
2 572.647630806
3 67.1397993895
2 52.3883375468
2 60.7503142054
3 39.1946720444
2 34.5116130553
2 48.1985436543
2 64.5114846806
2 225.711340275
2 132.27011915
2 42.8377680749
2 189.148881624
3 364.754333731
2 1030.17213737
2 50.6473515457
2 45.289400311
2 350.614370075
2 39.7808441027
4 23.6544019828
5 87.2748098922
2 656.075487606
2 1062.81007616
4 126.708666496
5 23.8941213061
2 36.0083881845
2 46.4634276557
3 30.8308731255
2 31.727465055
2 792.746852008
2 32.4755722166
2 72.2309755131
2 410.516049923
3 60.9052682387
3 53.8781711528
2 40.460610331
3 31.1267800597
2 238.843212752
4 39.6538118856
2 262.309356859
4 19.4666479804
2 60.616157204
2 68.9835559895
2 32.523890858
2 73.5267248344
2 53.1491646989
2 293.65731167
2 94.4524302161
3 519.849292051
3 23.6635035557
2 50.9939133266
2 28.0334927044
4 76.6950037785
2 66.1283470233
2 43.0838954156
2 25.5205301501
2 53.4815380088
2 72.0422031438
2 46.3699794534
2 137.518299296
2 23.9999406077
5 35.4385907417
3 27.0722497753
2 40.0359236497
2 26.3581226434
2 42.4666897228
2 777.392615477
2 37.4734992125
4 50.4595834156
2 52.4367074896
2 112.119232064
