100 1 2 1 2 2 2.34 5 0.7278028 16.56207 63.8312 138.6796 1062.81 201.0182
100 1 2 2 2 2 2.87 6 1.219828 16.54014 54.15221 55.31466 273.863 30.5351
100 1 10 1 2 3 3.27 5 0.7895146 5.419554 12.98318 18.68465 130.322 17.32639
100 1 10 2 2 3 3.37 7 0.9603766 2.508494 7.181904 7.353023 13.54029 2.060377
100 2 2 1 2 3 3.23 10 1.420307 28.98387 70.30696 119.2313 655.9346 117.8487
100 2 2 2 2 2 3.03 9 1.41746 29.02056 66.76387 71.01192 252.2711 32.8025
100 2 10 1 2 4 3.91 8 1.092629 27.64381 54.60638 63.60133 223.5906 29.74673
100 2 10 2 2 4 3.97 6 0.7447459 22.03755 44.16335 44.86768 84.17627 10.32709
1000 1 2 1 2 2 3.06 8 1.680668 16.44789 67.08138 168.7652 1025.579 233.7885
1000 1 2 2 2 2 3.58 12 2.045838 14.56079 53.57239 54.95637 161.9649 21.93165
1000 1 10 1 3 6 5.7 10 1.243163 4.026218 16.26445 22.87261 202.4769 25.16403
1000 1 10 2 3 6 5.78 9 1.25995 3.4675 8.732927 8.780532 13.27045 1.727246
1000 2 2 1 2 5 4.54 10 2.16221 20.0389 75.89982 114.9765 704.9915 111.396
1000 2 2 2 2 3 3.68 14 2.304497 24.61861 72.51244 76.1961 353.0021 40.43935
1000 2 10 1 5 7 7.54 12 1.800224 37.03873 61.58666 68.38879 142.0535 22.99446
1000 2 10 2 4 7 7.07 11 1.552157 32.78379 52.14659 52.87953 96.51668 10.28754
