3 8.42235729755
2 5.51056340503
2 11.7355021389
2 16.6801572412
2 18.0372895428
3 33.5220702255
5 15.9047377679
2 78.0111562222
4 5.41955402448
3 11.6031238763
3 23.5136321264
4 10.1513781278
3 6.08005634217
4 37.2284521972
4 11.0276126362
4 10.3349009583
3 10.988282448
3 9.55179991031
4 8.33034631449
4 11.7419754532
3 9.40999478833
4 21.6731848115
4 21.0064306385
3 10.3866490972
4 19.4652020018
4 12.7615910947
4 41.8187600527
3 13.5371377229
3 18.6232611059
3 11.4622327022
3 8.87231378496
3 8.91953939738
4 16.9116734308
3 130.322049031
3 20.855120815
4 12.8239556462
3 10.480076228
2 9.53503271047
3 11.0822466648
3 9.20785326699
3 12.4466416037
3 9.04659201966
2 18.3039558517
5 10.1231441136
3 16.760731198
3 23.1080287678
4 49.5131222169
4 17.6395670419
4 13.6092847752
3 32.7436748795
3 19.8318352105
3 20.1699563245
2 30.2295174616
5 13.0594441285
4 16.6582965883
2 36.5966916043
4 7.51654682898
4 22.2162345682
4 12.2549846699
3 32.5615916875
2 73.8175430693
3 17.4941236654
3 7.33051294874
3 11.5694124566
2 13.2383682462
3 15.0801129332
4 13.657185876
3 35.364421717
4 7.2975015927
3 13.9072919242
2 34.0711165871
3 9.19646453098
3 9.05233306709
4 13.8659512066
3 17.9764846875
4 11.0320060563
2 16.8385265782
3 11.8720650611
3 11.242033699
5 8.60092433271
3 7.74762998244
4 14.8184506883
3 8.36017922566
2 69.783459015
4 11.7709363441
3 11.8268572303
3 9.35424673664
3 7.89332270325
4 12.6789779194
5 12.9069194473
3 30.977476564
2 9.54917248647
4 29.8541940485
4 11.960360461
4 25.8308744913
3 14.2229298805
2 8.70865876449
4 12.2136876228
4 14.4801522657
3 13.6834770489
