3 89.307773819
2 46.8956156631
2 54.3511337778
2 56.3521790306
2 64.4715158403
2 72.0405454279
2 62.1223830735
3 16.5620682096
2 41.4260056518
2 44.5426738258
4 28.8244243528
2 67.9321016228
2 77.2894330172
2 79.6037602496
2 78.7197695979
3 89.5195820343
5 81.1913741913
2 31.3452197337
2 63.3414379326
6 55.4551906737
3 43.0369852802
2 70.7238787411
2 52.4938116368
3 40.9539631537
2 141.067074993
3 85.4660194431
2 80.4488922749
4 44.6603382431
2 74.690837176
5 77.3399785735
2 58.216421637
2 67.1397993895
2 88.336139818
2 60.7503142054
2 38.5918893139
3 34.6308132076
2 48.1985436543
3 64.5114846806
5 66.0823616128
4 54.1563177216
4 33.7311613094
2 54.6756709788
3 72.4266144999
2 53.2277962702
2 50.6473515457
2 44.6623877112
2 43.4769862256
2 39.7808441027
2 74.7659183779
6 70.3333863743
2 57.8233143013
2 46.4815133374
2 64.8245254551
5 23.0228384769
2 36.0083881845
2 46.4634276557
2 32.9024395795
2 33.9115910291
2 56.0301728574
5 33.2085773278
2 72.2309755131
2 55.9915365731
3 59.4479877949
3 53.8234738472
4 26.0749752944
2 20.319779964
2 79.2052618866
2 34.7432439502
5 273.86304109
3 16.5401388421
2 57.8555875539
2 68.9835559895
4 34.8953434616
2 73.5267248344
2 53.1491646989
2 75.6260142153
3 66.2364402916
2 57.2566810425
2 30.1601800416
3 54.1481021333
4 21.2392172076
2 76.6950037785
3 66.1283470233
3 43.5468603657
4 24.2782990947
6 20.5071172911
5 42.8123710737
6 43.2040805194
3 67.8622110991
2 16.7490997991
3 34.2513240121
4 28.5622464897
4 23.4246375848
4 28.1076169593
2 25.6807711229
2 54.4234986199
2 18.328148808
5 48.0459755767
6 52.4367074896
5 69.9089160459
