4 35.152916468
4 114.218770296
4 65.1514468691
3 37.717238582
4 60.209537156
4 75.7822155077
4 80.3727367503
5 127.466862581
3 50.6179573472
3 97.0818978092
4 49.0208048119
4 46.8910960996
4 76.7585506632
7 75.8952972448
3 40.9157183157
3 31.7867553385
4 62.9790442203
4 63.4964207874
2 40.3358443968
4 54.8876011747
3 45.9010241166
5 37.4690575807
3 60.1909593228
2 38.8695680348
4 43.8083102338
6 52.629485309
3 67.4120677379
3 46.9969728357
4 71.6262918379
4 162.669502736
6 63.6370947842
4 82.4716250841
3 41.2094961583
6 110.985964601
5 95.6803364833
3 40.134560797
3 38.6117496512
4 48.5866155462
4 67.7165278597
4 44.8198644251
3 35.530854219
3 55.5568312259
5 223.590640495
4 80.7594898892
6 68.1334899705
5 40.529864353
3 47.3774200224
4 66.6359961505
3 46.6735077005
2 45.4525699116
6 38.8028173635
4 71.6729052508
3 31.7123579448
3 76.6967725575
4 33.7044992369
5 57.836645168
8 62.9203173878
4 66.6599888311
4 34.905334705
3 73.257849457
4 75.05857597
3 43.109844845
6 27.6438073651
4 46.611353851
3 53.6904808101
4 45.2355602346
3 47.3955148164
3 52.7399273305
3 113.580673182
4 130.883094187
4 56.3401913493
3 58.6238347589
3 52.2973514916
2 71.7603113623
4 114.299391024
4 108.259134565
5 54.3251647388
4 44.8664109475
4 80.6526144121
5 51.8279749299
5 62.8995125358
4 49.7669387807
3 28.8320829457
4 43.2974326925
3 54.016347956
4 117.20983254
3 65.076071026
3 53.6662299109
7 30.8996691045
3 76.9932370349
5 46.5436463573
5 66.3438438622
4 53.4577036592
4 53.6504031701
4 52.0307352623
3 65.687953056
4 89.1816033561
3 96.8741552908
4 44.2959874616
3 73.6323966131
