3 216.715790997
3 84.5042307354
3 73.7375608647
4 28.9838691079
10 42.5928076595
3 66.2810209213
3 61.781163264
2 60.9339919947
4 174.598779438
4 54.1448112899
2 64.1880084736
4 64.7343663442
2 74.5803666843
2 64.0202937377
2 54.7890206878
2 80.1126499463
2 74.988812946
2 58.2725206562
5 38.2352232744
5 127.335847969
4 442.514814727
4 122.31305993
2 70.3540372358
4 29.9853856574
2 61.0759046526
4 354.737308633
2 92.1190525088
2 74.7629964128
2 51.389864961
4 75.2944331312
4 347.639147847
2 68.3132839383
5 75.5248925194
3 35.2177808593
3 65.5579164431
2 53.4042475155
2 57.3809759785
2 58.2509350661
6 182.869109096
3 301.207533602
2 68.6026454448
3 178.830350321
3 68.5166864791
3 85.1272570449
2 45.9811171537
4 339.324127771
7 655.934572372
2 43.2221315952
3 209.066511933
2 63.0773205856
4 177.229170528
2 356.627108249
2 182.116266443
4 67.3293539479
2 53.5549441511
3 45.0693046576
4 76.4799144317
4 65.2419664342
4 51.3513498931
7 47.8386775883
3 66.0642814506
4 557.560316815
4 150.711005039
2 73.6201242165
3 34.5532216567
2 66.0207476856
4 118.965938821
5 76.9119623465
3 34.8670828926
2 65.0811849754
3 212.2984073
2 58.379222974
4 102.78008115
2 68.7928174371
2 72.269682888
4 58.5496138763
5 101.530266959
5 326.549082305
4 62.851444183
2 65.149315626
5 333.316935209
2 64.4903573845
2 70.2598871771
3 41.2603056772
7 183.516204876
2 78.5297154859
5 141.616746786
4 76.5072729557
2 84.4583325666
2 42.4404050643
3 56.0520497264
2 71.0987389823
2 75.3370768143
2 69.2788557669
3 420.299674213
4 385.823615503
2 67.3370248752
4 83.1410843415
2 76.4018426735
4 62.4898341559
