7 7.26441036034
7 6.58533284525
6 9.07449223161
7 10.223311042
5 8.25946578055
5 11.9254430816
6 11.7202109115
4 8.67870855093
6 4.21787950081
5 7.33231413635
3 7.63593059229
4 7.52604056618
7 7.25258083795
6 9.72375158491
4 8.32705336298
4 10.3218004941
5 9.20135589627
5 8.86098922879
7 8.59098376681
6 8.87313551038
5 7.21852576812
9 11.1040984296
4 8.54387439782
4 9.8304853458
6 8.16084087197
8 7.50208185689
6 8.11683959143
7 7.686303106
5 9.76808867576
6 10.233769714
6 7.28672112748
5 10.0516766916
6 9.43176740819
5 8.40613504205
5 8.71032029805
4 10.0966928631
5 8.72867950971
7 9.71624393289
6 7.54781011146
8 7.69148691381
8 10.3597552096
5 9.39828043199
6 8.68378625789
6 8.70533746412
5 8.37493125831
5 13.2704459843
5 9.91279609144
8 8.28869391745
6 7.50975561477
4 9.05180860693
5 9.50495187332
5 7.69133846172
4 6.57940661748
5 9.91746877067
6 10.9226697053
8 8.73717491983
5 8.82708114131
6 9.37430550735
6 9.87053375869
4 5.55263288645
6 13.2636290072
4 11.1471727819
6 5.60097837767
4 3.46750013941
5 7.9728948303
5 8.37192474724
6 9.09639220606
6 10.1323888531
7 7.95757252727
6 9.79015288885
7 8.59745584461
5 6.5442797896
8 6.78663704354
6 8.00407605707
5 12.6700349248
7 7.35942273129
7 9.06593884539
5 9.02319021595
5 8.82756162519
6 8.79284635393
6 10.0332781651
6 9.34851559042
6 6.81723831175
4 8.64617109294
8 5.66232329843
6 11.6204904339
5 9.41691325532
4 11.5614233154
9 5.39043875403
5 10.6575670582
7 10.6200996838
7 7.83296138754
6 6.45093943912
5 8.68003044146
6 9.90257709801
8 9.07837083875
6 8.19837310177
7 9.58136574948
5 7.50727121232
8 10.6140120316
