5 31.8106571361
3 43.544893759
4 33.1490376247
4 40.5124900874
3 48.495834241
4 36.4251420507
3 59.7960271567
3 49.2260921107
3 40.131100078
5 63.1504906231
5 35.180607329
3 22.0375536242
5 60.9898402009
4 37.3825876978
4 53.8329984077
4 33.2001709407
5 64.6901790258
6 46.9029634489
3 48.3107099653
4 51.1335367667
5 30.4355929357
4 44.7818112962
4 47.2308246078
3 52.0311431585
3 41.9050323158
3 28.8458607723
4 31.6936245622
4 53.5455745661
4 30.9356671384
3 45.2949748592
3 36.673227455
4 38.6283334402
5 42.317489886
5 52.6346430325
4 32.2953425167
5 45.5516120249
4 36.8700999165
4 39.4117194891
3 84.1762715178
5 37.9962151049
4 40.8249336602
4 47.9705656021
4 35.1732233024
4 45.7096189976
4 42.4238403972
4 37.9283276171
5 50.7609907678
3 36.1078450978
4 40.20341004
4 32.5461603831
4 36.7265418075
5 45.2321936957
4 43.3258950717
4 37.1183301674
3 30.4842869853
5 37.1327287538
4 49.5654611625
4 47.6818130686
4 41.4751357824
4 48.7510403976
3 32.748121828
4 41.0047531576
4 37.4459122344
4 59.3498059276
5 40.3320443121
5 57.6524869208
4 45.4247143866
4 65.7095316332
4 56.629163685
4 51.9149194897
4 55.2955300983
4 42.9295553288
5 45.9828608321
4 42.9775557654
4 45.5660886073
4 64.2820029772
4 33.3821686641
3 45.3474415335
5 39.6420447432
3 38.4264336824
3 55.2356862333
3 31.8451799764
4 38.6283565802
3 40.1309420234
3 50.2153120028
5 73.1346999325
3 43.200545483
4 52.7536728304
4 28.2747559026
2 46.8226984932
4 61.7071931791
4 52.2569367618
5 42.353380928
4 50.8649049096
5 51.2612913242
5 47.5148343323
4 44.9836225483
5 52.2262664944
3 44.9221047268
3 56.0925007149
