9 48.1383253576
7 79.5319195386
6 56.5522807428
5 43.7070855384
9 49.452290887
10 54.7558788352
6 68.9419442136
9 47.8479917944
6 59.6377132203
11 106.420749016
6 47.3593932273
10 47.9423332491
6 54.4334512466
8 93.9041266568
8 47.9639046988
9 37.0387267981
12 110.870947506
9 82.4031991416
9 59.6163804446
9 100.30881385
8 85.9781154657
8 50.1965504982
8 73.6208604734
6 123.985477089
9 64.2526206929
6 55.0646501728
9 41.509659437
10 58.4651495355
6 54.6578443664
11 60.0645797202
9 91.0997147113
5 43.9766643703
7 63.5479503264
7 45.558831569
5 55.6799241674
7 72.7265785628
7 53.031909696
5 77.3647495526
6 52.7475793384
7 50.49464926
7 64.1137839925
8 59.1953080765
8 76.2841724738
7 92.7770751236
5 57.5738465888
8 61.4166689508
8 39.5608190861
8 61.2080985386
6 69.0981265147
6 38.095795914
7 96.308317712
9 57.4190390277
6 55.4099640692
6 83.0062611237
8 69.397718572
7 68.1828071306
7 142.053500387
10 56.3837380403
7 55.8251674879
12 64.8703217802
8 99.6544731186
8 49.4291905994
7 129.234632707
7 40.8516321807
8 62.8007286574
9 94.2177046501
7 73.7856357004
5 62.9225536268
12 75.4250571815
8 57.6759020343
6 59.6218837807
11 88.9258061448
7 75.1009720944
6 129.407243401
7 64.1779156192
8 84.6176021651
5 47.6763939999
5 54.3761712971
8 64.3106024927
9 87.02330667
5 115.463110219
7 78.2102363945
6 75.6046136847
6 42.7961137533
6 45.1746336747
9 79.2297253291
10 61.1054761828
5 47.1643163944
8 44.484506356
8 57.7005759119
12 65.2359832131
8 88.1971944395
5 44.9389660194
8 79.6167692989
5 120.130007153
6 61.7566476179
9 37.2374075349
9 56.2527522569
6 77.5076666558
5 120.804981516
