2 42.3385658882
4 76.4332548116
5 77.4969919056
7 27.7985168953
6 53.200597992
4 64.5564931697
4 58.1191362703
3 65.1221713287
2 47.4000227433
2 74.7029890622
8 89.5730362469
6 65.1048717755
2 70.8508956578
2 70.6553105958
2 55.2599276604
3 100.647214391
2 75.6681776886
5 126.426262349
2 59.3649857541
4 70.1287641905
2 54.9286719638
3 71.1566836494
2 74.2421590049
2 24.6186088222
2 71.9964561437
2 77.5241901166
5 81.4348078769
2 70.4415723211
2 53.9500202786
5 76.4511973381
2 79.8493919302
2 70.4156932508
4 66.1823215472
5 40.2318317125
7 99.9493574499
5 97.8350644888
2 54.6617833768
2 53.0393108729
2 74.877815156
3 80.4459597396
2 73.0330603939
5 136.404453504
3 60.9678457659
6 73.2499270758
2 48.3810500786
9 292.623833277
2 66.677761231
2 49.8822611553
6 353.002111058
7 84.2037543228
2 77.8876412113
2 76.7770206759
2 79.3657209754
4 74.1027532005
2 58.36320222
4 46.8295464219
6 87.2151454104
5 73.8001731592
6 55.5034563405
2 70.6134157005
3 66.9129027921
2 48.2724512004
2 55.2993350351
5 73.6590076645
4 75.8043941215
2 74.8359588847
2 72.6396824649
12 156.598157545
8 81.7459200134
5 64.1306669092
2 72.1240644884
2 62.4426080498
7 107.865030286
2 73.883018524
2 70.6753060225
2 72.899797026
2 59.087656792
2 52.9120219199
4 74.8685031452
3 81.6543096141
2 54.2349401381
4 100.38836413
2 71.9590493751
4 50.5526539402
5 92.9011588138
2 73.7074556789
2 49.1180104345
3 74.3089851562
7 72.3851909492
2 45.5187508624
9 92.1435114091
3 65.3890109174
4 75.8581559379
6 75.0374875123
2 68.118280078
2 75.2645087443
2 77.5540472407
3 73.6872063058
14 72.3067678054
2 76.9003620356
