8 32.7837873853
7 72.6578217011
7 43.1370487972
7 41.3469341763
11 46.7399048768
6 67.2115030748
7 60.8896490103
7 47.9383465325
6 59.6345641555
8 96.5166802161
5 55.3681587337
4 33.8275938591
6 50.0107267747
9 49.6778029239
7 45.2005290653
7 47.085051137
8 63.2982565892
9 64.0055206845
7 63.1544200824
5 51.0972099682
7 67.6689150777
6 35.6872463831
6 44.6488806223
10 42.6087068477
9 56.7506959272
8 65.9672110037
7 45.5233162434
4 42.7136318132
10 60.7778679604
7 56.859231996
5 43.8501768658
8 55.0810256448
6 60.0625729624
7 48.7907963206
6 44.0013130049
8 41.167698829
7 52.4616488064
5 41.8577938587
7 34.4565369774
7 52.857898455
7 40.0439325583
11 58.7651425168
6 53.6468690155
8 59.6858772239
6 41.3701635696
7 75.1675093684
9 45.213353013
7 54.9790381563
6 56.2378237971
8 63.2520348581
6 46.9316151098
10 59.553462987
8 57.5481939046
5 41.7699965295
5 51.6863586552
6 55.9403460874
8 65.6805456543
6 46.4215297374
9 50.1323164296
6 55.8451120774
7 44.3554742555
8 44.6215446837
7 47.7772730328
7 32.880599704
5 41.0425197566
8 58.6299631485
7 55.4273147791
7 40.4046381095
5 54.3118270504
7 53.2931741393
7 49.2370758634
8 51.3638891413
7 48.8502930729
10 65.7547138376
6 59.5382916741
8 58.4370496543
8 61.0298952568
8 63.6883867365
7 51.2652513329
9 48.2005343029
7 44.4245355635
7 56.9526976689
6 52.7842558509
6 60.0029937028
8 45.1086652272
10 74.3053879176
6 66.7489512306
5 70.0561675781
7 50.532853203
5 51.055218338
6 54.4486492597
10 42.5868776737
7 43.2461530789
4 56.9992607943
4 51.6890639772
9 61.0054702175
10 57.0362247192
7 51.831536784
7 46.2111313541
5 55.570917154
