6 83.7720420439
2 54.0554900297
7 44.306107235
2 51.656943264
2 67.9499150749
2 65.2140921779
2 58.3234398707
7 14.5928640546
2 48.0871980025
2 50.712526067
2 27.6376113968
2 75.6568894644
2 75.1488525558
3 68.531901695
2 73.6457294827
2 92.9436043165
5 68.4906300653
12 46.7678115386
2 61.0752158296
5 78.8835560519
7 47.8310348608
9 76.0704838175
2 53.9646623435
5 44.676387425
6 70.9295669665
6 67.0558304929
3 75.4902399777
2 56.4389991735
2 71.9874621231
5 69.9173116977
2 52.9983243905
3 79.3260326445
2 68.9543170635
2 51.9202095801
6 47.5075330394
6 38.2133357847
2 54.6945396191
2 72.4114516962
5 90.6804018394
4 57.8335444457
5 34.5343097452
2 55.8666294888
2 66.0992346988
2 65.0004254612
4 161.964921737
2 50.6078424057
2 41.3053177251
2 40.6995836605
4 30.8399709283
3 71.7214145407
2 53.1340680445
2 49.5311375642
2 75.6141428405
5 23.8383050573
2 37.2107805158
2 50.5949217106
2 37.4950933317
2 30.2509053836
2 59.0711334457
6 33.7770291637
2 73.0690461856
2 49.931364353
7 47.9382316159
5 52.5183165336
2 26.5919513143
5 18.3783001041
2 81.370635873
2 46.6931655511
2 76.8300208067
7 14.5607869096
6 57.1706592105
2 61.8853715137
5 29.0596175614
2 71.8982859575
2 62.6931005411
2 73.2970735357
4 66.7102253632
2 53.1801185596
4 21.9225387717
2 52.8742895915
4 26.0065411061
2 74.2549877017
2 74.2232360267
3 52.7161169283
4 59.8698885123
5 24.6008455808
3 49.621457661
6 40.8478322757
5 71.7245936454
2 18.1823164025
5 38.2067220945
6 26.4751946834
2 22.4281874373
6 39.8853704004
2 21.114771822
2 60.3479748413
7 19.7604277657
8 45.8824909744
5 92.9468875769
5 72.4565110674
