5 108.054197509
2 54.0554900297
2 101.012661453
2 309.635252205
2 67.9499150749
3 468.614363155
2 780.294211064
2 23.5545267436
2 396.030127914
2 616.382865178
2 24.8879206282
2 300.309076641
3 770.493445275
4 84.2629762575
2 73.6457294827
5 72.8762253142
2 79.2614575377
2 43.857498644
6 461.17063649
6 102.431616366
8 47.8310348608
8 77.9428938051
5 204.893786075
2 39.8974111768
2 171.220089105
2 60.955489345
2 75.4902399777
2 49.7417208888
2 71.9874621231
2 69.6840329247
2 862.229788982
4 336.711100546
4 70.1085476773
2 933.239623771
2 43.9660637548
4 66.3433856057
2 54.6945396191
2 72.4114516962
2 70.3204141952
2 150.66982806
7 55.2794672757
5 412.46101168
2 66.0992346988
2 65.0004254612
4 47.855674784
6 44.2367629129
2 41.3053177251
2 977.043734459
2 27.7794691924
4 71.7214145407
5 353.948158212
2 690.155040012
2 92.2272158346
2 32.9501060182
2 37.2107805158
2 50.5949217106
2 32.4298516715
2 28.0983797851
2 1025.57888284
2 70.9539202114
5 428.148507176
2 49.931364353
2 55.4535967911
3 64.5249387624
2 37.8205021481
2 36.0990642505
6 117.881757796
2 48.6484216142
4 381.492790432
4 16.4478917072
5 65.1739816942
2 61.8853715137
5 51.4606329574
2 533.888704168
2 546.24843375
3 73.2970735357
2 65.098414144
2 53.1801185596
2 22.2916548557
2 54.9695606822
2 46.1095253955
2 243.865779358
3 74.2232360267
2 187.169522939
5 32.8610845592
2 20.3902730345
2 140.740626616
2 53.2054301227
2 70.3175483329
6 19.6800094526
2 67.8193752097
4 58.4435161713
2 23.5781421811
7 52.6040203684
2 35.3306622467
2 60.3479748413
8 19.539116587
6 46.0991782115
6 53.3177151425
2 114.883313521
